function CMAP = map_r()
cols = [0 9.254902e-01 9.257836e-01 9.260769e-01 9.263703e-01 9.266636e-01 9.269570e-01 9.272503e-01 9.275436e-01 9.278370e-01 9.281303e-01 9.284236e-01 9.287170e-01 9.290103e-01 9.293037e-01 9.295970e-01 9.298904e-01 9.301837e-01 9.304771e-01 9.307704e-01 9.310638e-01 9.313571e-01 9.316505e-01 9.319438e-01 9.322371e-01 9.325305e-01 9.328238e-01 9.331172e-01 9.334105e-01 9.337039e-01 9.339972e-01 9.342906e-01 9.345839e-01 9.348773e-01 9.351706e-01 9.354640e-01 9.357573e-01 9.360507e-01 9.363440e-01 9.366373e-01 9.369307e-01 9.372240e-01 9.375173e-01 9.378107e-01 9.381041e-01 9.383974e-01 9.386908e-01 9.389841e-01 9.392775e-01 9.395708e-01 9.398642e-01 9.401575e-01 9.404508e-01 9.407442e-01 9.410375e-01 9.413309e-01 9.416242e-01 9.419175e-01 9.422109e-01 9.425042e-01 9.427976e-01 9.430909e-01 9.433843e-01 9.436776e-01 9.439710e-01 9.442644e-01 9.445577e-01 9.448510e-01 9.451444e-01 9.454377e-01 9.457310e-01 9.460244e-01 9.463177e-01 9.466111e-01 9.469044e-01 9.471978e-01 9.474911e-01 9.477845e-01 9.480778e-01 9.483712e-01 9.486645e-01 9.489579e-01 9.492512e-01 9.495445e-01 9.498379e-01 9.501312e-01 9.504246e-01 9.507179e-01 9.510113e-01 9.513046e-01 9.515980e-01 9.518913e-01 9.521847e-01 9.524780e-01 9.527714e-01 9.530647e-01 9.533581e-01 9.536514e-01 9.539447e-01 9.542381e-01 9.545314e-01 9.548247e-01 9.551181e-01 9.554114e-01 9.557048e-01 9.559981e-01 9.562915e-01 9.565849e-01 9.568782e-01 9.571716e-01 9.574649e-01 9.577582e-01 9.580516e-01 9.583449e-01 9.586383e-01 9.589316e-01 9.592249e-01 9.595183e-01 9.598116e-01 9.601050e-01 9.603983e-01 9.606917e-01 9.609850e-01 9.612784e-01 9.615717e-01 9.618651e-01 9.621584e-01 9.624518e-01 9.627451e-01 9.630384e-01 9.633318e-01 9.636251e-01 9.639185e-01 9.642118e-01 9.645052e-01 9.647985e-01 9.650919e-01 9.653852e-01 9.656786e-01 9.659719e-01 9.662653e-01 9.665586e-01 9.668519e-01 9.671453e-01 9.674386e-01 9.677320e-01 9.680253e-01 9.683186e-01 9.686120e-01 9.689053e-01 9.691987e-01 9.694921e-01 9.697854e-01 9.700788e-01 9.703721e-01 9.706655e-01 9.709588e-01 9.712521e-01 9.715455e-01 9.718388e-01 9.721321e-01 9.724255e-01 9.727188e-01 9.730122e-01 9.733055e-01 9.735989e-01 9.738922e-01 9.741856e-01 9.744789e-01 9.747723e-01 9.750656e-01 9.753590e-01 9.756523e-01 9.759457e-01 9.762390e-01 9.765323e-01 9.768257e-01 9.771190e-01 9.774124e-01 9.777057e-01 9.779991e-01 9.782924e-01 9.785858e-01 9.788791e-01 9.791725e-01 9.794658e-01 9.797592e-01 9.800525e-01 9.803458e-01 9.806392e-01 9.809325e-01 9.812258e-01 9.815192e-01 9.818126e-01 9.821059e-01 9.823993e-01 9.826926e-01 9.829860e-01 9.832793e-01 9.835727e-01 9.838660e-01 9.841594e-01 9.844527e-01 9.847460e-01 9.850394e-01 9.853327e-01 9.856260e-01 9.859194e-01 9.862127e-01 9.865061e-01 9.867994e-01 9.870928e-01 9.873861e-01 9.876795e-01 9.879729e-01 9.882662e-01 9.885595e-01 9.888529e-01 9.891462e-01 9.894395e-01 9.897329e-01 9.900262e-01 9.903196e-01 9.906129e-01 9.909063e-01 9.911996e-01 9.914930e-01 9.917863e-01 9.920797e-01 9.923730e-01 9.926664e-01 9.929597e-01 9.932531e-01 9.935464e-01 9.938397e-01 9.941331e-01 9.944264e-01 9.947198e-01 9.950131e-01 9.953065e-01 9.955998e-01 9.958932e-01 9.961865e-01 9.964799e-01 9.967732e-01 9.970666e-01 9.973599e-01 9.976532e-01 9.979466e-01 9.982399e-01 9.985332e-01 9.988266e-01 9.991199e-01 9.994133e-01 9.997066e-01 1 0 8.392157e-01 8.359117e-01 8.326077e-01 8.293037e-01 8.259997e-01 8.226957e-01 8.193917e-01 8.160877e-01 8.127837e-01 8.094797e-01 8.061757e-01 8.028717e-01 7.995677e-01 7.962637e-01 7.929597e-01 7.896557e-01 7.863517e-01 7.830477e-01 7.797437e-01 7.764397e-01 7.731357e-01 7.698317e-01 7.665277e-01 7.632237e-01 7.599197e-01 7.566157e-01 7.533118e-01 7.500077e-01 7.467037e-01 7.433997e-01 7.400957e-01 7.367917e-01 7.334877e-01 7.301837e-01 7.268797e-01 7.235757e-01 7.202718e-01 7.169678e-01 7.136638e-01 7.103598e-01 7.070557e-01 7.037517e-01 7.004477e-01 6.971437e-01 6.938397e-01 6.905357e-01 6.872318e-01 6.839278e-01 6.806238e-01 6.773198e-01 6.740158e-01 6.707118e-01 6.674078e-01 6.641037e-01 6.607997e-01 6.574957e-01 6.541918e-01 6.508878e-01 6.475838e-01 6.442798e-01 6.409758e-01 6.376718e-01 6.343678e-01 6.310638e-01 6.277598e-01 6.244557e-01 6.211517e-01 6.178478e-01 6.145438e-01 6.112398e-01 6.079358e-01 6.046318e-01 6.013278e-01 5.980238e-01 5.947198e-01 5.914158e-01 5.881118e-01 5.848078e-01 5.815038e-01 5.781998e-01 5.748958e-01 5.715918e-01 5.682878e-01 5.649838e-01 5.616798e-01 5.583758e-01 5.550718e-01 5.517678e-01 5.484638e-01 5.451598e-01 5.418558e-01 5.385518e-01 5.352478e-01 5.319438e-01 5.286398e-01 5.253358e-01 5.220318e-01 5.187278e-01 5.154238e-01 5.121198e-01 5.088158e-01 5.055118e-01 5.022078e-01 4.989038e-01 4.955998e-01 4.922958e-01 4.889918e-01 4.856878e-01 4.823838e-01 4.790798e-01 4.757758e-01 4.724718e-01 4.691678e-01 4.658638e-01 4.625598e-01 4.592558e-01 4.559518e-01 4.526478e-01 4.493438e-01 4.460398e-01 4.427359e-01 4.394318e-01 4.361278e-01 4.328238e-01 4.295198e-01 4.262159e-01 4.229119e-01 4.196078e-01 4.163038e-01 4.129998e-01 4.096959e-01 4.063919e-01 4.030879e-01 3.997838e-01 3.964798e-01 3.931759e-01 3.898719e-01 3.865679e-01 3.832639e-01 3.799599e-01 3.766559e-01 3.733519e-01 3.700479e-01 3.667439e-01 3.634399e-01 3.601359e-01 3.568319e-01 3.535279e-01 3.502239e-01 3.469199e-01 3.436159e-01 3.403119e-01 3.370079e-01 3.337039e-01 3.303999e-01 3.270959e-01 3.237919e-01 3.204879e-01 3.171839e-01 3.138799e-01 3.105759e-01 3.072719e-01 3.039679e-01 3.006639e-01 2.973599e-01 2.940559e-01 2.907519e-01 2.874479e-01 2.841439e-01 2.808399e-01 2.775359e-01 2.742319e-01 2.709279e-01 2.676239e-01 2.643199e-01 2.610159e-01 2.577119e-01 2.544079e-01 2.511039e-01 2.477999e-01 2.444959e-01 2.411919e-01 2.378879e-01 2.345839e-01 2.312799e-01 2.279759e-01 2.246719e-01 2.213679e-01 2.180639e-01 2.147599e-01 2.114559e-01 2.081519e-01 2.048479e-01 2.015439e-01 1.982399e-01 1.949359e-01 1.916319e-01 1.883279e-01 1.850239e-01 1.817199e-01 1.784159e-01 1.751119e-01 1.718079e-01 1.685039e-01 1.651999e-01 1.618959e-01 1.585919e-01 1.552879e-01 1.519839e-01 1.486799e-01 1.453760e-01 1.420719e-01 1.387679e-01 1.354640e-01 1.321599e-01 1.288560e-01 1.255520e-01 1.222480e-01 1.189440e-01 1.156400e-01 1.123360e-01 1.090320e-01 1.057280e-01 1.024240e-01 9.911996e-02 9.581596e-02 9.251197e-02 8.920797e-02 8.590397e-02 8.259997e-02 7.929597e-02 7.599197e-02 7.268798e-02 6.938397e-02 6.607997e-02 6.277598e-02 5.947198e-02 5.616798e-02 5.286398e-02 4.955998e-02 4.625598e-02 4.295199e-02 3.964799e-02 3.634399e-02 3.303999e-02 2.973599e-02 2.643199e-02 2.312799e-02 1.982399e-02 1.651999e-02 1.321600e-02 9.911996e-03 6.607998e-03 3.303999e-03 0 0 8.392157e-01 8.359117e-01 8.326077e-01 8.293037e-01 8.259997e-01 8.226957e-01 8.193917e-01 8.160877e-01 8.127837e-01 8.094797e-01 8.061757e-01 8.028717e-01 7.995677e-01 7.962637e-01 7.929597e-01 7.896557e-01 7.863517e-01 7.830477e-01 7.797437e-01 7.764397e-01 7.731357e-01 7.698317e-01 7.665277e-01 7.632237e-01 7.599197e-01 7.566157e-01 7.533118e-01 7.500077e-01 7.467037e-01 7.433997e-01 7.400957e-01 7.367917e-01 7.334877e-01 7.301837e-01 7.268797e-01 7.235757e-01 7.202718e-01 7.169678e-01 7.136638e-01 7.103598e-01 7.070557e-01 7.037517e-01 7.004477e-01 6.971437e-01 6.938397e-01 6.905357e-01 6.872318e-01 6.839278e-01 6.806238e-01 6.773198e-01 6.740158e-01 6.707118e-01 6.674078e-01 6.641037e-01 6.607997e-01 6.574957e-01 6.541918e-01 6.508878e-01 6.475838e-01 6.442798e-01 6.409758e-01 6.376718e-01 6.343678e-01 6.310638e-01 6.277598e-01 6.244557e-01 6.211517e-01 6.178478e-01 6.145438e-01 6.112398e-01 6.079358e-01 6.046318e-01 6.013278e-01 5.980238e-01 5.947198e-01 5.914158e-01 5.881118e-01 5.848078e-01 5.815038e-01 5.781998e-01 5.748958e-01 5.715918e-01 5.682878e-01 5.649838e-01 5.616798e-01 5.583758e-01 5.550718e-01 5.517678e-01 5.484638e-01 5.451598e-01 5.418558e-01 5.385518e-01 5.352478e-01 5.319438e-01 5.286398e-01 5.253358e-01 5.220318e-01 5.187278e-01 5.154238e-01 5.121198e-01 5.088158e-01 5.055118e-01 5.022078e-01 4.989038e-01 